9.274137460629909 1.4740066438609711 8.920831485524246
1.809047159501913 1.0772433265253378 6.545410788275918
1.8565224119646417 2.5400899850628123 6.0053434161333445
7.844871790059754 8.558891034359723 8.159324556492656
3.4387734681088777 5.875958869063529 7.377284788097751
8.530561777496075 0.8237189564436986 4.1114682644724265
5.099717351559442 4.728652083426294 0.6634711511811697
5.067723997167125 4.340837584055115 2.3571574811352383
1.4901399274900506 4.2925170605721 0.7729372056563599
6.553618493583406 6.272937001468646 2.815080932994224
1.6883322892797992 5.114601606218788 0.049223675608189854
8.26471139938576 6.492794249561831 7.862176206275149
