5.258471196063148 6.13031355677646 4.65725484863634
8.127526684195868 6.359280001088342 9.827392037207028
4.253214077886495 7.438345071429174 7.557267630656007
5.252879666992253 0.8698671663165924 6.141528812313765
2.7977593070545534 3.0847664561884933 0.3291228001764379
8.34386870319276 5.724261169451585 4.165060242506905
9.291783996690787 5.504470181267367 2.3183469706500204
4.172146928821904 1.470684844799306 3.8204171849181834
8.066798665258288 3.4253383283397265 1.1269724781157775
1.191187466774476 2.5042054542953265 2.289443685814504
0.6284015060596149 9.449381937522668 8.481184425797885
0.35227750139460556 2.8817148992219312 6.031656657428219
9.572827224853969 9.3155933308216 0.04688785296339093
6.81257418509431 6.668945754124237 5.370013304985605
7.0992128662686955 8.435421586131076 3.9771274837924517
6.717100391811064 2.5259071081539366 4.147866110429062
5.421578185732734 5.856796851257132 8.727129187600683
1.8866521608508546 4.735171815210693 4.2760356584706125
1.536993946470776 7.154368456109969 6.419086461968285
9.254401327224457 1.6883735403473177 6.092643859301496
0.18385764119765335 8.645305189253987 1.0159842707954525
6.079956899416064 8.48763076008172 9.696207094796517
2.7254518798420047 2.1685742617296375 5.351853510058849
2.239003759903416 8.151759225334333 7.7239595666012075
4.761591611839222 4.911774704896429 2.088682602165799
6.741324684636951 8.647118459631956 5.4656604530625605
4.991516012113094 3.4878185363709324 7.695368022923681
2.6657198024081263 3.138602922064404 2.355183956217867
3.054306002777787 7.812196791834076 7.1828819880123405
7.106535686440843 3.370217531166774 8.488703339883903
5.432867657079651 4.062241725790454 9.537368942292574
5.786401466111491 0.6731814043693829 8.193720277858734
9.04145323739131 8.95834727694512 8.367960527382968
4.5802902106452335 2.8426773854384626 8.22573974485955
9.686166870633055 0.23304483117791874 0.3713113897800868
7.287889853863145 4.946026346133924 2.9010402079677355
2.3979622165304324 1.9803091482591229 1.7965303430204527
4.148926167623297 7.292798073545591 0.48039322395598827
7.737137131799785 3.731468412614455 3.502394684143031
3.4777513517579797 8.422505049110212 1.0892421181453216
9.94983104550845 9.80631522360771 1.6073075953107185
7.651107158310234 6.503117714136364 4.177936142774485
1.556868455455419 0.5528966756841147 8.658988022073771
8.862256946958977 0.2825671475279168 4.3680884821461134
4.153540424628634 0.4252267315432334 0.05666521423721593
2.495046552230468 4.338173511405551 5.968700064744226
6.319406934637332 3.956756386660494 9.84870467408632
0.7061432054251637 1.3119538630486294 4.542801543476939
8.347517956979898 0.16454756598054954 6.551908972440481
3.4596582308071833 1.9330438358385627 5.820230522444769
