6.6138980764748725 7.954211290116772 3.187819420672091
2.556275230967059 7.585873577475018 8.736728453540918
1.7758376382978724 9.971949994045277 1.0425085532396305
8.453348826927078 8.001842541133714 7.2795135492701
8.410256859802326 3.9444781690271222 5.809682742653087
3.2914026644811845 1.1943525377874675 0.5743076065133168
5.32378760331807 8.830866422577614 9.696229185482583
3.528000633456869 4.227286250077949 8.791697501868772
6.570540561844737 6.6469214202760885 8.022237674881799
5.027782715313522 1.854168385231335 4.108608134130548
1.5318983084483395 9.2707786942726 2.945304648114331
4.05701920961144 7.881903872384068 7.3542916867612
6.418900926958003 6.1499105243086145 6.63669525744252
2.1655229541918986 8.535479275280183 6.914030522899236
9.769474105308046 2.9504156108720925 7.833501624930696
7.785147750743291 2.7084231490238677 2.8659200072377287
6.291199122959429 0.7587507055643694 7.8288817100415455
5.003070692014363 5.201965773820035 5.688592483348249
9.450619415173982 9.497147838917101 8.128123480167842
1.444079716120189 2.6513055058234514 0.7962711474595385
6.081066441034696 0.3738285629034177 3.0217202101956717
4.677357737960088 9.42150349660481 1.8215477532982816
0.8652143320315187 9.17844644727494 6.881707899874975
5.801726070117726 1.283369038785307 2.2589775063564153
4.582401191748016 2.366440022552011 1.0917669282659237
1.7046853158211983 6.9500886074693256 5.680918359417889
4.574236506874044 9.561349737182768 7.036374836442107
4.3743306232883485 2.710881483202876 4.21171998729548
5.898987764758218 1.3435971669202662 4.70466807303611
8.102513902916296 9.424942825721246 6.861841386888249
6.3832868312597135 8.083461115770096 6.259484019612877
8.57943866104032 7.367466582725597 8.337948633774932
2.3501380498465805 0.8044384035849217 7.773866568307788
2.9648975027193734 6.0234242991609745 3.3104708082496357
5.66012668665739 6.4140813641580605 2.4824659998855845
6.84407275503453 8.421611269224197 5.182172607106368
8.146948873715221 8.489695294964042 4.913831427366542
3.4443841854197608 3.352578242285352 5.099487801897602
0.20148776883869401 8.626649542330703 6.585390712882756
7.106278177868929 1.5245239974423974 0.31586300854236304
4.6469739772260885 8.211996190504466 2.3235412106074707
7.360779579847183 0.9298588870357749 8.680119448927245
0.9813675611749983 3.533755969216086 8.328043773898512
1.2595439360339533 2.3145406872152865 1.7035829580300088
4.215819529867093 9.128614718800778 2.7879045784881207
0.11225138264217782 2.398764993741742 4.671874506539261
4.927481122699611 2.053557239609667 0.9739843387285507
6.388423004726328 2.471229342460374 2.019040361001445
5.632363814349245 8.779601995105802 5.424254529978226
7.206825518030209 5.093824226295264 6.675050920850936
