7.801628926405084	1.194187952361581	7.530129315583366	
1.7959147399763573	2.9615257101886874	5.5656315598843324	
6.145518038736483	2.1874096615315803	1.2977674368350793	
2.114738554959991	8.069499345858587	7.228858882582973	
2.4001494417539435	2.161663680397098	1.2376384639336677	
7.640711655557749	7.1577044009741	3.317090958125989	
6.601750970673606	5.064239260969032	7.92615572602471	
3.069257761677532	8.4876528561443	1.868544129432692	
3.7099488380849075	2.1308307362454957	7.881198112057888	
7.100533594861467	8.671782235418078	7.31131419199711	
4.846967928804243	2.458221317010042	3.7868191963092235	
7.811479255496811	1.642539868566919	3.046216813988616	

